张三 1001 85 92 78 96 88
李四 1002 76 89 94 82 91
王五 1003 92 87 79 85 90
赵六 1004 88 76 91 83 79
钱七 1005 79 85 88 92 86
孙八 1006 91 78 85 89 94
周九 1007 83 92 76 88 91
吴十 1008 87 84 90 79 85
郑十一 1009 94 79 83 91 78
王十二 1010 82 91 87 85 92
李十三 1011 89 86 92 78 84
张十四 1012 76 94 85 91 87
赵十五 1013 91 82 79 86 93
钱十六 1014 85 89 94 77 88
孙十七 1015 78 91 86 92 79
周十八 1016 92 77 88 84 91
吴十九 1017 84 88 91 79 86
郑二十 1018 87 93 78 85 92
王二十一 1019 79 85 92 88 84
李二十二 1020 91 79 84 93 87
张二十三 1021 86 92 79 87 90
赵二十四 1022 88 84 91 79 85
钱二十五 1023 93 87 85 90 78
孙二十六 1024 82 90 88 84 91
周二十七 1025 89 78 93 87 85
吴二十八 1026 85 91 82 88 94
郑二十九 1027 90 85 87 92 79
王三十 1028 78 92 90 85 88
李三十一 1029 87 79 85 91 83
张三十二 1030 91 88 84 79 92
赵三十三 1031 84 93 88 86 79
钱三十四 1032 88 79 91 84 87
孙三十五 1033 79 87 90 92 85
周三十六 1034 92 84 79 88 91
吴三十七 1035 85 90 87 79 93
郑三十八 1036 90 85 92 87 84
王三十九 1037 87 91 79 85 88
李四十 1038 84 88 91 93 79
张四十一 1039 91 79 85 88 92
赵四十二 1040 88 92 84 79 87
钱四十三 1041 79 85 91 87 90
孙四十四 1042 92 87 88 84 79
周四十五 1043 85 90 79 91 88
吴四十六 1044 90 84 87 88 92
郑四十七 1045 87 91 85 79 93
王四十八 1046 84 88 92 90 85
李四十九 1047 91 85 79 87 88
张五十 1048 88 92 84 85 91
赵五十一 1049 79 87 90 88 84
钱五十二 1050 92 84 87 91 79
孙五十三 1051 85 90 88 79 92
周五十四 1052 90 85 91 87 84
吴五十五 1053 87 91 79 88 85
郑五十六 1054 84 88 92 85 90
王五十七 1055 91 79 85 92 87
李五十八 1056 88 92 84 87 79
张五十九 1057 79 85 91 84 88
赵六十 1058 92 87 88 79 91
钱六十一 1059 85 90 79 88 84
孙六十二 1060 90 84 87 91 85
周六十三 1061 87 91 85 84 92
吴六十四 1062 84 88 92 85 79
郑六十五 1063 91 85 79 92 88
王六十六 1064 88 92 84 79 87
李六十七 1065 79 87 90 88 85
张六十八 1066 92 84 87 91 88
赵六十九 1067 85 90 88 79 92
钱七十 1068 90 85 91 87 84
孙七十一 1069 87 91 79 88 85
周七十二 1070 84 88 92 85 90
吴七十三 1071 91 79 85 92 87
郑七十四 1072 88 92 84 87 79
王七十五 1073 79 85 91 84 88
赵七十六 1074 92 87 88 79 91
钱七十七 1075 85 90 79 88 84
孙七十八 1076 90 84 87 91 85
周七十九 1077 87 91 85 84 92
吴八十 1078 84 88 92 85 79
郑八十一 1079 91 85 79 92 88
王八十二 1080 88 92 84 79 87
李八十三 1081 79 87 90 88 85
张八十四 1082 92 84 87 91 88
赵八十五 1083 85 90 88 79 92
钱八十六 1084 90 85 91 87 84
孙八十七 1085 87 91 79 88 85
周八十八 1086 84 88 92 85 90
吴八十九 1087 91 79 85 92 87
郑九十 1088 88 92 84 87 79
王九十一 1089 79 85 91 84 88
赵九十二 1090 92 87 88 79 91
钱九十三 1091 85 90 79 88 84
孙九十四 1092 90 84 87 91 85
周九十五 1093 87 91 85 84 92
吴九十六 1094 84 88 92 85 79
郑九十七 1095 91 85 79 92 88
王九十八 1096 88 92 84 79 87
李九十九 1097 79 87 90 88 85
张一百 1098 92 84 87 91 88
